Term	Mean	OrdinalClass	MajorityLabel	MajorityLabelRatio	NumberAnnotations	SetOfLabels
hide away	0.06	0	3	0.176470588235294	17	0,-3,-3,2,-2,3,3,1,3,1,-2,-1,0,0,-1,2,-2
severity	0.50	1	2	0.388888888888889	18	0,2,2,1,-3,-3,2,-3,-3,2,2,1,2,0,1,3,1,2
somberness	0.25	0	1	0.4	20	-3,-3,-3,-3,1,2,-3,3,1,1,2,1,2,2,1,1,1,-1,2,1
exhaustedly	-0.27	0	-3	0.333333333333333	15	2,1,-3,-1,-3,-3,-3,-3,1,0,2,1,3,1,1
recuperation	0.06	0	-3	0.277777777777778	18	3,2,1,3,-3,-3,1,0,-3,3,0,0,-1,-3,3,-3,-2,3
undoubting	-0.55	-1	-3	0.363636363636364	11	0,-2,2,-3,-3,-3,2,3,0,1,-3
soullessly	-0.33	0	-3	0.333333333333333	15	0,0,2,-1,2,-3,-3,1,-3,2,3,0,-3,-3,1
safe return	0.33	0	3	0.333333333333333	12	1,-3,2,3,3,1,-3,0,3,-3,3,-3
exalt	0.00	0	-3	0.263157894736842	19	2,0,3,0,2,-3,-3,-3,-3,-3,1,3,-1,-2,3,3,3,-1,-1
generousness	-0.11	0	-3	0.333333333333333	18	1,0,0,0,-3,-3,1,3,2,1,1,-3,-3,-3,3,-3,2,2
ecstatic	0.24	0	3	0.470588235294118	17	-3,3,3,3,-3,-3,-3,-3,-3,-3,3,1,3,3,0,3,3
that's cool	-1.38	-1	-3	0.538461538461538	13	-3,0,0,1,-3,1,-2,-3,3,-3,-3,-3,-3
well put	-0.83	-1	-3	0.416666666666667	12	-3,-3,3,-3,3,-2,0,-1,-3,2,0,-3
ferocity	0.82	1	2	0.411764705882353	17	-3,-3,-3,-3,1,2,3,3,2,2,2,1,2,2,1,3,2
elatedly	0.76	1	3	0.352941176470588	17	3,1,-1,-3,-3,-3,3,3,2,1,1,3,3,-1,-1,2,3
resplendence	-0.95	-1	-3	0.473684210526316	19	2,3,1,0,-3,-3,-3,-3,-3,-3,3,0,0,-3,-3,2,-2,0,-3
gangbang	0.90	1	3	0.5	20	3,0,0,2,0,-3,-3,-3,-3,-3,3,3,3,3,1,3,3,3,3,3
allsmiles	-0.63	-1	-3	0.315789473684211	19	3,1,3,0,-3,-2,-1,-1,1,-3,2,-3,-2,-3,-2,-3,-3,2,2
openheartedness	-1.14	-1	-3	0.428571428571429	14	0,-3,1,0,-3,3,-2,-3,-3,-1,-3,-3,3,-2
great success	0.38	0	3	0.3125	16	0,-1,3,1,-3,-2,2,3,2,3,0,-3,3,3,-2,-3
jubilancy	0.15	0	-3	0.35	20	3,1,-3,-3,3,3,-3,2,3,-3,-3,1,0,-1,0,3,-3,3,-3,3
gofuckyourself	1.47	1	3	0.705882352941177	17	1,-3,-3,3,-3,3,3,3,3,3,3,3,3,3,3,-3,3
morgue	0.53	1	2	0.368421052631579	19	2,1,2,2,3,-3,3,3,3,-3,-3,2,1,2,-3,2,-3,2,-3
magnificent	-1.47	-1	-3	0.578947368421053	19	-3,3,-3,2,-3,-1,-3,-3,-3,-3,3,-3,-3,-1,2,-3,-2,-1,-3
exterminator	0.12	0	-3	0.3125	16	0,2,1,-3,-3,-3,-3,-3,3,2,2,1,2,1,1,2
jubilantly	-0.59	-1	-3	0.411764705882353	17	0,-3,-3,1,1,3,3,3,-1,2,0,-1,-3,-3,-3,-3,-3
inner strength	0.60	1	3	0.333333333333333	15	0,3,-3,3,-3,2,3,3,0,0,-3,3,-3,2,2
copacetic	-0.89	-1	-3	0.388888888888889	18	1,-3,-3,3,0,-3,0,0,-3,-2,-3,0,1,-1,-3,3,0,-3
soporific	-0.69	-1	-3	0.375	16	1,2,-3,-1,3,3,-3,-3,-3,1,0,-1,1,-3,-2,-3
certainty	-0.50	-1	-3	0.3	20	2,1,0,0,0,-3,-3,-3,-3,-3,3,1,0,-2,1,-2,-3,3,-2,3
get better	-1.06	-1	-3	0.5	18	-1,-2,-3,-3,1,-3,-3,2,-3,3,3,-2,-3,-3,3,1,-3,-3
great	-0.47	0	-3	0.333333333333333	15	0,1,0,0,-3,2,-3,1,0,-1,2,-3,3,-3,-3
grievous	1.24	1	3	0.352941176470588	17	-3,-3,-3,1,3,2,1,0,3,2,3,2,3,2,3,2,3
delightedly	-0.87	-1	-3	0.466666666666667	15	3,0,-3,-3,-3,-3,3,-3,-2,-2,2,3,-3,-3,1
virtuousness	0.00	0	-3	0.3125	16	-3,3,1,2,1,-3,3,2,0,-3,3,-3,1,-3,-2,1
meth	1.30	1	3	0.4	20	3,2,3,2,3,-3,-3,-3,2,-3,3,3,1,3,2,2,3,3,2,1
invigorate	1.00	1	2	0.470588235294118	17	1,-3,2,2,-2,-2,2,2,3,2,3,3,1,-3,2,2,2
brilliant	0.53	1	1	0.302325581395349	43	-3,3,3,0,1,3,1,2,1,2,1,3,1,1,3,2,3,1,1,3,2,1,2,3,1,2,2,1,1,-3,-3,-3,-3,-3,0,2,2,-3,-3,-2,1,-3,-3
find solace	-0.72	-1	-3	0.444444444444444	18	0,0,3,-3,-1,-3,-3,3,-3,2,-3,1,-1,-3,3,-3,-3,1
euphoric	-1.11	-1	-3	0.473684210526316	19	-3,-3,-3,-3,3,0,2,2,-2,-3,-1,2,3,-2,-3,-3,-3,-1,-3
kindheartedness	-1.79	-2	-3	0.631578947368421	19	-2,-1,-3,-3,3,-3,-3,-3,-3,3,-2,3,-3,-3,-3,-2,-3,-3,-3
soul mate	-0.06	0	-3	0.294117647058824	17	0,0,-1,3,-3,-3,1,1,3,3,2,-3,1,-3,-3,0,1
medusa	1.08	1	3	0.416666666666667	12	0,-3,-3,0,3,3,3,3,3,2,1,1
encouragement	-0.75	-1	-3	0.45	20	2,2,-1,-3,-1,1,-3,-3,3,-3,3,1,2,-1,-3,-3,-3,-3,-3,1
the end	-0.05	0	2	0.263157894736842	19	-3,2,-3,1,0,0,-3,0,-3,1,2,2,-1,2,0,0,3,-3,2
thankfulness	-1.19	-1	-3	0.625	16	-3,0,3,-3,3,-1,3,-3,3,-3,-3,-3,-3,-3,-3,-3
good friend	-1.80	-2	-3	0.733333333333333	15	-3,-3,3,-3,-3,-3,2,-3,-3,-3,-3,-3,-3,1,0
alcohol poisoning	1.25	1	3	0.375	8	-1,3,3,3,1,-3,2,2
out cold	-0.06	0	2	0.294117647058824	17	-3,-3,2,2,2,2,-3,0,0,2,0,0,3,-3,1,-3,0
demonist	0.63	1	-3	0.210526315789474	19	2,0,2,1,1,-3,3,-3,-3,-3,3,3,2,0,0,3,2,1,1
vehement	0.82	1	2	0.294117647058824	17	-3,1,-3,-3,-3,2,3,1,3,1,3,2,2,2,1,3,2
good faith	-0.86	-1	-3	0.571428571428571	14	-3,-3,3,-3,-3,1,3,-3,1,-3,-3,-3,1,3
splendorous	-0.29	0	-3	0.294117647058824	17	0,3,0,-3,-3,-3,-3,2,3,1,0,1,-2,-3,2,-1,1
nice day	0.00	0	-3	0.4	15	1,3,0,2,-3,3,2,2,-3,-3,-3,3,-3,2,-3
subzero	0.53	1	2	0.235294117647059	17	-3,1,0,-3,-3,3,3,2,3,2,-2,1,2,0,2,0,1
mirthful	-1.26	-1	-3	0.578947368421053	19	-3,1,-3,-3,-3,1,-3,0,-3,-3,2,-3,0,-3,0,-3,-3,2,3
died	1.64	2	3	0.642857142857143	14	-3,3,-2,3,2,3,-3,3,2,3,3,3,3,3
resoluteness	-0.38	0	-3	0.375	16	0,0,-3,3,-3,-3,2,-3,3,1,2,-2,-3,3,0,-3
joy	-1.56	-2	-3	0.722222222222222	18	-3,-3,3,-3,-3,-3,-3,-3,-3,3,3,-3,-3,-3,-3,-3,0,2
fulfill	0.22	0	0	0.259259259259259	27	3,3,3,3,1,1,1,1,1,1,2,2,3,-3,-3,-3,0,-3,0,-3,0,0,0,-2,0,-2,0
conviction	-0.50	-1	-3	0.35	20	-3,1,1,1,-3,0,-3,-3,-3,0,3,1,0,3,1,-3,1,-3,-2,1
deadness	0.33	0	2	0.266666666666667	15	1,-2,2,2,0,-3,3,-1,3,2,1,-3,2,-3,1
coziness	0.25	0	3	0.4375	16	1,-3,1,3,-3,3,3,3,-3,-2,-3,3,-3,3,-2,3
thrilled	0.07	0	-3	0.4	15	-3,-3,2,3,-3,-3,0,3,3,-1,3,3,-3,-3,3
ebullient	-0.12	0	-3	0.3125	16	-3,-3,0,0,1,-3,2,-3,3,2,3,-2,3,-2,-3,3
piping hot	0.33	0	2	0.333333333333333	15	2,-3,-3,-3,-3,2,0,2,1,1,3,1,2,2,1
disgusted	0.47	0	-3	0.263157894736842	19	0,1,2,1,-3,-3,-3,-3,-3,2,1,2,3,3,1,2,2,3,1
lightning strike	0.47	0	2	0.4	15	2,-3,-3,-3,-3,2,1,2,1,3,2,2,1,1,2
bravest	-0.87	-1	-2	0.333333333333333	15	0,3,-2,-2,-2,-2,0,-3,-3,-2,0,3,-3,-3,3
causticity	0.47	0	0	0.333333333333333	15	2,1,0,0,-3,-3,0,0,-3,3,3,0,3,2,2
dead person	0.83	1	3	0.333333333333333	18	3,2,-3,3,3,0,0,3,2,2,-2,-3,2,3,3,0,-3,0
sereneness	-1.78	-2	-3	0.722222222222222	18	-1,3,-3,-3,-3,-3,-3,-3,3,-3,2,-3,-3,-3,-3,-3,0,-3
enraptured	-1.33	-1	-3	0.533333333333333	15	-3,1,-3,-3,2,-3,-3,-1,1,1,-3,-3,2,-3,-2
heartiness	-0.40	0	-3	0.266666666666667	15	1,1,-3,-3,3,1,2,-2,-3,-1,-2,-2,-3,2,3
ovation	0.50	1	2	0.3	20	-3,2,1,2,2,2,2,-1,-1,-1,3,1,3,-3,-3,2,1,3,-3,1
unconsciousness	-0.06	0	-3	0.235294117647059	17	-3,2,-3,1,-3,2,-2,2,1,-3,3,-1,0,0,2,-2,3
rejuvenate	-1.44	-1	-3	0.611111111111111	18	-2,3,-3,-3,3,-3,-1,3,-3,-3,-3,-3,-2,-3,3,-3,-3,-3
clean house	-0.53	-1	-3	0.266666666666667	15	-3,-2,3,1,0,-2,-3,3,-3,2,0,2,-1,-3,-2
brave	-0.23	0	-2	0.307692307692308	13	2,1,3,0,2,-2,-3,-3,1,2,-2,-2,-2
awe inspiring	-1.21	-1	-3	0.642857142857143	14	3,3,-3,-3,-3,-3,-1,-3,-3,-3,-3,3,2,-3
homesweethome	0.74	1	3	0.315789473684211	19	3,1,-3,0,3,-3,0,0,0,2,2,3,3,2,3,3,-3,-3,1
escalating	0.60	1	2	0.55	20	0,2,2,2,2,-3,-3,-3,-3,-3,2,2,3,1,2,1,2,2,2,2
clean water	-0.58	-1	-3	0.368421052631579	19	-3,-3,3,3,-2,-2,-2,-2,1,2,-3,3,3,-3,3,-3,0,-3,-3
bon voyage	-0.06	0	-3	0.294117647058824	17	1,0,3,-2,-3,-3,-3,-3,3,0,3,3,-3,0,3,2,-2
well being	0.71	1	3	0.5	14	-3,-3,3,-3,-3,3,3,3,-3,2,3,2,3,3
forceful	0.68	1	1	0.315789473684211	19	1,1,1,2,-3,-3,-3,-3,1,2,3,3,2,3,0,1,1,2,2
gloriousness	-0.47	0	-3	0.333333333333333	15	1,0,-3,1,2,-3,0,2,-2,1,1,-3,2,-3,-3
dignity	-1.12	-1	-3	0.5	16	0,2,2,-3,-3,3,0,-3,-3,3,-3,-2,-3,-3,-2,-3
deceased	0.45	0	-3	0.3	20	0,2,-3,-3,3,0,-3,-3,-3,-3,3,3,3,2,2,0,2,2,2,3
inferno	1.58	2	3	0.631578947368421	19	3,-3,2,-3,-3,3,3,3,3,3,3,-3,3,2,3,3,3,2,3
strength	0.11	0	0	0.388888888888889	18	0,0,3,-3,-2,0,-3,0,-1,3,-3,0,0,0,3,3,-1,3
sprightliness	0.00	0	3	0.294117647058824	17	-1,3,-2,-3,-2,0,-2,2,-1,-1,3,3,3,-3,-2,0,3
victorious	0.44	0	3	0.277777777777778	18	2,0,2,3,-3,0,-3,-3,-3,3,2,3,-2,-1,3,3,2,0
happy camper	-0.28	0	-3	0.333333333333333	18	1,1,1,-2,-1,1,-3,-3,-3,-3,-3,3,-3,1,3,-1,3,3
supportive	-1.00	-1	-3	0.473684210526316	19	1,-3,-2,3,-3,-3,-3,-3,-3,3,3,-2,3,-3,-2,-3,3,-3,-2
destructor	1.37	1	3	0.368421052631579	19	1,3,2,3,3,-3,-3,-3,0,2,3,3,3,3,1,2,2,2,2
fornication	0.89	1	3	0.277777777777778	18	-3,2,2,-3,-3,3,3,3,3,3,1,1,2,-2,2,0,1,1
brilliantly	-0.76	-1	-3	0.411764705882353	17	0,2,-3,-3,-3,0,0,-3,3,-1,3,-1,-3,3,-1,-3,-3
roar	0.33	0	-3	0.222222222222222	18	3,2,1,-2,2,-3,0,-3,-3,-3,2,3,2,0,3,1,1,0
clearness	-0.70	-1	-3	0.3	20	0,0,0,0,3,-3,-3,-3,-3,3,-2,-3,-1,-3,1,0,0,-1,-2,3
genocidal	1.92	2	3	0.75	12	3,-3,3,-3,3,3,3,3,2,3,3,3
satisfied	-2.06	-2	-3	0.8125	16	3,-3,3,-3,0,-3,-3,-3,-3,-3,-3,-3,-3,-3,-3,-3
embolden	-0.47	0	-3	0.352941176470588	17	0,2,1,-3,1,2,-3,3,1,2,-1,-3,-3,-3,-2,-3,1
conquering	-0.06	0	-3	0.277777777777778	18	0,3,1,0,0,-3,-3,0,-3,-3,1,2,-3,3,1,1,0,2
nurture	-0.94	-1	-3	0.411764705882353	17	1,3,-1,-3,-3,-3,1,1,-3,0,2,-3,-2,2,-3,-2,-3
barbarianism	0.42	0	2	0.368421052631579	19	2,2,0,0,2,2,-3,-3,-3,-3,1,2,-3,3,3,2,1,2,1
hope	-1.44	-1	-3	0.666666666666667	18	-3,-3,-3,3,-3,3,-3,-3,-3,3,-3,3,-3,-3,-2,0,-3,-3
darkest	0.27	0	2	0.363636363636364	11	2,1,-3,-1,2,3,2,2,1,-3,-3
oblivion	-0.74	-1	-3	0.368421052631579	19	2,-1,1,1,-3,3,-3,-2,0,-2,-3,-3,1,0,3,-3,-3,1,-3
stouthearted	-1.00	-1	-3	0.4	15	0,0,-2,3,-3,0,3,2,-1,-3,-3,-3,-3,-3,-2
bask in	-0.59	-1	-3	0.352941176470588	17	3,-3,-2,-2,-3,1,2,-3,3,3,-2,-3,-3,-2,2,-3,2
exultation	-1.33	-1	-3	0.666666666666667	12	3,-3,-3,-3,-3,3,3,-1,-3,-3,-3,-3
good mood	-1.53	-2	-3	0.684210526315789	19	-3,-3,3,-3,-1,3,-3,-3,-3,-3,2,-3,-3,-3,-3,-3,-3,1,2
golden years	-0.39	0	-3	0.333333333333333	18	-3,-3,-3,0,1,-3,2,-1,0,1,3,-1,1,0,-3,-3,2,3
fighting spirit	0.72	1	2	0.333333333333333	18	2,-1,3,1,-3,-3,2,-3,2,3,1,2,3,1,2,0,-1,2
tigress	-0.06	0	-3	0.277777777777778	18	0,0,3,-3,2,-3,-3,-3,1,-3,0,0,2,0,2,1,2,1
enjoyment	-1.82	-2	-3	0.705882352941177	17	-3,1,-3,-3,-3,3,-1,-3,-3,-3,-3,-3,-3,-3,-1,-3,3
useful	-1.08	-1	-3	0.461538461538462	13	-1,1,1,-3,-3,-3,3,0,-1,-3,-3,-3,1
agent orange	1.00	1	3	0.5	14	-3,-3,-3,3,-3,3,3,3,3,3,2,1,3,2
resilience	-1.75	-2	-3	0.75	16	3,-3,-3,3,-3,-3,-3,-3,3,-3,-3,-1,-3,-3,-3,-3
safe haven	-1.62	-2	-3	0.615384615384615	13	-3,-3,-1,-3,-3,1,-3,-3,-2,3,2,-3,-3
kind	-0.80	-1	-3	0.5	20	3,-3,-3,1,-2,-3,0,-3,-3,-3,2,-3,3,3,-3,3,-3,-2,-3,3
exhausted	0.86	1	2	0.323232323232323	99	2,2,2,3,3,3,2,1,1,2,1,2,2,1,2,3,3,2,2,3,1,2,2,2,1,2,3,1,2,3,3,1,1,2,2,-2,3,2,0,-2,2,1,-2,-3,-3,1,3,-3,3,2,-3,-3,-3,-2,-2,-3,2,-3,-3,-3,-2,2,3,-3,-3,0,-3,3,-3,-3,2,3,3,-3,-2,2,3,3,2,3,1,3,2,-1,1,2,2,1,1,3,2,2,-2,3,1,2,3,2,1
prostitute	0.94	1	2	0.388888888888889	18	2,-3,-3,1,-3,1,2,-3,3,2,1,2,2,3,2,3,2,3
locust	-0.06	0	-3	0.277777777777778	18	-3,-3,-3,-3,0,1,1,0,-3,2,1,1,3,0,3,2,0,0
brighten	-1.12	-1	-3	0.470588235294118	17	1,0,2,1,3,-2,-1,-3,-3,-3,-2,-3,-3,-3,3,-3,-3
bloodless	-1.00	-1	-3	0.421052631578947	19	-3,0,-2,1,2,-3,-3,-3,-3,-3,-2,2,-1,0,2,0,-3,3,-3
inspiration	-1.63	-2	-3	0.684210526315789	19	-3,0,3,0,0,-3,-3,-3,-3,-3,3,2,-3,-3,-3,-3,-3,-3,-3
wholeheartedness	-1.35	-1	-3	0.588235294117647	17	-3,-3,0,3,-3,-2,-3,-3,3,2,-3,-3,3,-3,-2,-3,-3
liveliness	0.25	0	2	0.3125	16	3,2,2,-3,2,3,-2,0,0,1,-1,-2,-2,2,-3,2
flawlessness	-0.67	-1	0	0.333333333333333	15	0,2,-3,0,0,0,3,-1,-3,-3,-3,0,-2,3,-3
beaming	-1.17	-1	-3	0.5	18	2,-3,-3,1,-3,-3,0,-3,3,2,-2,-3,-3,-3,-2,-3,-1,3
cavernously	0.33	0	0	0.277777777777778	18	2,0,-2,-2,3,3,3,-2,3,0,-3,1,-3,0,2,0,0,1
balefully	1.00	1	2	0.375	16	2,2,-3,3,2,-3,-3,1,3,3,0,2,2,0,3,2
impassioned	-0.05	0	2	0.368421052631579	19	1,2,0,2,2,-3,-3,-3,-3,-3,-3,-1,1,1,2,1,2,2,2
generously	-1.13	-1	-3	0.466666666666667	15	-2,-1,3,0,0,-3,3,-3,-3,-3,-3,-3,-1,-3,2
happiest	-1.12	-1	-3	0.625	16	-3,3,2,-3,-3,-3,-3,-3,3,-3,3,-3,3,-3,-2,-3
divine	0.39	0	1	0.388888888888889	36	3,3,3,3,3,1,1,1,1,1,3,2,1,1,1,2,1,3,1,1,1,1,-3,-3,-3,-3,-3,-1,-3,-3,0,-2,2,1,0,-3
cozily	-1.00	-1	-3	0.533333333333333	15	-3,-3,1,-3,1,-3,1,-3,3,3,-3,-2,2,-3,-3
thrill to	0.87	1	3	0.4	15	3,-3,-3,-3,-3,3,2,1,3,3,2,1,1,3,3
fired up	0.50	1	-3	0.285714285714286	14	2,-3,-3,-3,-3,0,2,3,2,1,1,3,3,2
somuchtodo	0.39	0	1	0.277777777777778	18	0,0,1,2,0,-3,-3,-3,-3,3,1,3,1,2,1,2,2,1
goodfeeling	0.08	0	-2	0.307692307692308	13	1,-2,-2,-2,3,2,-3,1,3,2,-2,-3,3
backbreaking	0.47	0	2	0.352941176470588	17	2,0,1,-3,-3,-3,-3,-3,3,2,3,2,2,3,2,1,2
top secret	0.47	0	2	0.368421052631579	19	3,2,3,2,1,-3,-3,-3,-3,-3,1,2,2,1,2,0,1,2,2
stable	-1.41	-1	-3	0.647058823529412	17	-1,-3,-3,3,-3,-3,-3,3,-3,-3,3,-3,-3,-2,-3,3,-3
soullessness	0.29	0	-3	0.285714285714286	14	2,-3,-3,-3,-3,2,3,2,1,3,0,0,2,1
repress	0.24	0	2	0.411764705882353	17	2,2,3,2,-3,-3,-3,-3,1,2,-2,2,-2,1,1,2,2
welcoming	-1.50	-2	-3	0.642857142857143	14	-3,-3,1,-3,2,-2,3,-3,-3,-3,-3,-3,2,-3
antimilitarism	-0.47	0	-3	0.266666666666667	15	1,0,1,-3,2,-3,2,-2,0,-3,-2,3,-3,2,-2
well paid	-0.68	-1	-3	0.368421052631579	19	1,-3,2,-3,0,0,-3,-2,-3,-3,3,-3,1,0,-2,-3,2,1,2
moribund	1.06	1	3	0.388888888888889	18	2,2,1,2,-3,3,-3,-3,0,3,3,2,3,1,3,3,-3,3
ambulance	0.44	0	2	0.333333333333333	18	3,1,-2,2,-2,-3,-3,-3,-3,2,1,2,1,2,2,3,3,2
warmheartedly	-1.12	-1	-3	0.411764705882353	17	-3,1,2,-3,-3,-3,-1,-3,-3,-1,-3,-2,1,-2,-1,2,3
make happy	0.27	0	3	0.333333333333333	15	1,-3,3,1,2,1,-3,3,-1,-3,-3,3,3,3,-3
succeed	-0.32	0	-3	0.263157894736842	19	0,1,1,0,-3,3,1,-3,-3,3,-1,-1,-2,-3,1,2,3,-2,-3
hearten	-1.57	-2	-3	0.571428571428571	14	-1,-3,-3,1,-3,2,-3,-3,-3,-3,-1,3,-3,-2
comforting	-1.94	-2	-3	0.764705882352941	17	-3,2,-3,-3,-2,3,-3,-3,-3,-3,-3,-3,3,-3,-3,-3,-3
have confidence	-0.76	-1	-3	0.470588235294118	17	-3,-3,3,-3,-2,-3,3,-3,3,3,0,-3,-3,-1,0,2,-3
sanguine	-0.67	-1	-3	0.222222222222222	18	-2,1,-2,1,-2,3,2,-1,1,-1,-3,0,-1,-3,-3,-3,-2,3
grand	-0.95	-1	-3	0.421052631578947	19	1,2,0,1,0,-3,-3,-3,0,-3,3,-3,-3,-1,2,-3,-1,-1,-3
eager	0.33	0	2	0.277777777777778	18	1,1,2,3,0,-3,-3,2,-3,-3,2,1,2,2,-1,3,1,-1
cheer	-1.67	-2	-3	0.666666666666667	18	1,0,2,2,-3,-3,-3,-3,-3,3,-3,-2,-3,-3,-3,-3,-3,-3
thankfully	-1.53	-2	-3	0.6	15	-3,-1,3,-3,-3,3,-3,-2,-3,-3,-3,-1,2,-3,-3
unhealthy	0.53	1	2	0.470588235294118	17	1,0,2,1,2,-3,-3,-3,-3,2,2,0,2,2,2,3,2
tombstone	0.71	1	3	0.357142857142857	14	-3,-3,3,3,3,3,3,0,2,0,0,2,0,-3
scarring	0.60	1	2	0.466666666666667	15	2,-3,2,-3,-3,-3,1,2,3,2,0,2,2,3,2
perfection	-0.80	-1	-3	0.35	20	0,1,-2,3,0,-3,-3,-3,-3,-1,3,-1,-3,0,-3,2,0,-3,2,-2
asbestos	0.73	1	-2	0.333333333333333	15	2,2,-2,-2,-2,-2,-2,1,3,2,3,3,2,0,3
hellishly	1.85	2	3	0.615384615384615	13	2,-3,2,-3,2,3,3,3,3,3,3,3,3
castigation	1.07	1	2	0.357142857142857	14	2,3,1,3,-2,-2,-2,-2,3,2,2,2,2,3
lionhearted	-0.53	-1	-3	0.352941176470588	17	2,-3,0,-3,-3,-3,-3,2,3,1,1,0,-2,1,3,-2,-3
improving	-0.89	-1	-3	0.421052631578947	19	1,-3,1,1,0,-3,-3,2,-2,-3,-3,-3,3,-2,-3,1,1,-3,1
jovialness	-1.08	-1	-3	0.5	12	-3,2,-3,-3,1,1,-3,1,-3,-2,2,-3
safe environment	-0.29	0	-3	0.294117647058824	17	0,-3,3,-2,2,-2,-2,-3,-3,3,3,2,-3,-3,2,-2,3
litheness	-1.47	-1	-3	0.578947368421053	19	3,-3,0,-3,0,-3,-3,-3,-3,-3,3,-3,-3,0,0,-3,-3,-2,1
exhilarate	1.19	1	3	0.5	16	-3,0,3,2,3,3,-3,3,3,3,-1,3,1,3,2,-3
enthusiasm	-1.78	-2	-3	0.722222222222222	18	2,3,-3,2,-3,-3,-3,-3,-3,-3,-3,-3,-1,-3,-3,1,-3,-3
mourning	-0.05	0	-3	0.3	20	2,-3,2,1,-2,-3,1,-3,0,-2,-3,1,3,3,1,-3,2,3,-3,2
dying	1.38	1	3	0.6875	16	3,3,1,-3,-3,3,-3,-3,3,3,3,3,3,3,3,3
rebirth	-0.29	0	-3	0.235294117647059	17	-3,-1,-3,1,0,-1,2,3,1,1,2,-3,-3,1,-2,-2,2
rest assured	-1.53	-2	-3	0.578947368421053	19	-3,0,-3,-3,-3,-3,-3,-3,3,-3,3,-1,-1,-3,-2,1,-3,1,-3
balminess	-0.36	0	-3	0.357142857142857	14	2,-3,1,-3,-3,3,1,-3,-1,3,-3,-2,3,0
dirt cheap	-0.08	0	0	0.307692307692308	13	3,-3,3,0,3,-3,-3,-1,1,-1,0,0,0
see beyond	-0.67	-1	-3	0.333333333333333	9	-3,-3,-2,0,1,2,0,2,-3
good manners	-0.86	-1	-3	0.428571428571429	14	-3,-1,-3,-3,-3,3,0,1,-2,0,-3,2,3,-3
unabated	0.00	0	-3	0.3125	16	0,2,1,2,-3,-3,-3,-3,-3,0,3,2,1,0,2,2
blessings	-1.11	-1	-3	0.555555555555556	18	-3,2,1,0,-3,-3,0,-3,-3,-3,3,-3,-3,3,-3,-3,0,1
wonderful	-1.68	-2	-3	0.631578947368421	19	1,2,-1,-3,3,-3,-3,-3,-3,-3,3,-3,-2,-3,-3,-3,-2,-3,-3
depress	0.20	0	3	0.257142857142857	35	-3,-3,-3,-3,0,0,-2,-3,-2,0,-3,-2,-1,0,0,0,-3,-2,0,0,3,3,3,2,3,3,3,2,3,1,1,3,2,2,3
invincible	-0.39	0	-3	0.333333333333333	18	0,0,-3,-1,3,-3,-3,1,-3,3,2,0,1,-3,1,-3,1,0
suicide	1.88	2	3	0.764705882352941	17	-3,-3,-3,3,3,3,3,3,3,2,3,3,3,3,3,3,3
safe bet	0.00	0	0	0.285714285714286	14	0,0,3,-3,1,-3,1,0,3,2,1,-3,-2,0
all better	-1.37	-1	-3	0.526315789473684	19	-3,-3,-1,-3,0,-3,0,3,-3,-3,-2,-3,2,2,-3,-3,-1,1,-3
greatfriends	0.00	0	2	0.3125	16	1,0,-3,-3,2,2,2,2,1,1,-3,2,-3,1,-3,1
empathetic	-0.77	-1	-3	0.384615384615385	13	0,-3,-3,-3,0,1,2,-3,3,0,-3,0,-1
reunited	0.12	0	3	0.1875	16	0,-1,1,3,2,3,-3,3,0,1,-3,-2,1,2,-2,-3
salvation	-1.94	-2	-3	0.722222222222222	18	-3,1,-3,-1,3,-3,-3,-3,-3,-3,3,-3,-3,-3,-2,-3,-3,-3
elated	-1.68	-2	-3	0.631578947368421	19	3,-3,-3,-3,-3,-3,-3,-3,3,-3,0,-2,3,-3,-3,-1,-3,-2,-3
elatedness	-0.20	0	-3	0.466666666666667	15	3,-3,-3,3,3,3,3,-3,1,-3,-1,3,-3,-3,-3
invincibility	-0.60	-1	-3	0.35	20	2,1,-2,-1,1,-3,2,2,-3,-3,-3,-2,-3,3,0,0,0,-3,-3,3
paradise	-1.89	-2	-3	0.789473684210526	19	-3,-3,-3,0,-3,3,-3,-3,-3,3,-3,3,-3,-3,-3,-3,-3,-3,-3
faraway	-1.38	-1	-3	0.538461538461538	13	-3,1,0,-3,3,0,-3,1,-2,-3,-3,-3,-3
discontent	0.21	0	2	0.473684210526316	19	2,2,2,2,2,-2,-3,-2,-2,1,-3,-3,-3,2,0,2,2,3,2
trustfulness	-0.87	-1	-3	0.466666666666667	15	1,-3,2,-3,-2,-2,-3,3,-3,-3,3,-3,-3,0,3
sureness	-0.33	0	3	0.333333333333333	15	-1,-3,2,-2,3,-2,-2,3,3,-3,3,-3,-3,3,-3
peaceofmind	-0.53	-1	-3	0.466666666666667	15	1,1,3,-3,-3,3,3,1,-2,-3,-3,-3,-3,-3,3
anger management	0.37	0	1	0.368421052631579	19	2,1,1,2,-3,-3,0,-3,-3,3,3,3,1,1,1,0,1,-1,1
eternally grateful	-1.62	-2	-3	0.6875	16	-3,3,-3,-3,-3,0,1,-3,-3,0,-3,-3,3,-3,-3,-3
terrible	0.94	1	1	0.352941176470588	17	3,-3,-3,-3,1,3,1,3,1,1,2,3,1,1,3,0,2
liberating	-0.56	-1	-3	0.375	16	0,-2,3,-3,0,-3,-3,3,-3,-3,-3,-1,3,2,3,-2
deafening	1.22	1	2	0.5	18	0,-3,-3,-3,2,3,2,1,2,3,3,2,2,2,2,2,3,2
thrill	0.83	1	3	0.388888888888889	18	-2,1,-1,1,-3,3,-3,-3,3,3,2,1,-1,3,3,3,2,3
bullies	0.33	0	2	0.4	15	2,2,-3,-3,-3,-3,-3,1,2,2,3,1,2,3,2
cloud nine	0.94	1	3	0.625	16	-3,3,3,-1,3,3,-3,3,3,-3,-2,3,3,3,-3,3
valor	-0.63	-1	-3	0.421052631578947	19	3,-3,0,3,-3,-3,-3,-3,-3,3,1,-3,1,3,-3,-2,-1,0,1
magnificence	-0.76	-1	-3	0.470588235294118	17	3,0,-3,-3,3,0,-3,2,-3,1,-3,-3,-3,2,-3,-1,1
grace	0.17	0	3	0.391304347826087	23	3,0,3,3,3,3,1,3,1,3,-3,-3,-3,3,2,-2,-3,-3,-3,-3,-3,-1,3
rewarding	0.40	0	-3	0.2	15	0,2,3,-3,-3,-1,-3,2,-2,1,3,2,1,1,3
detonation	1.24	1	3	0.352941176470588	17	2,3,2,3,-1,-2,-2,-2,-2,3,3,3,3,2,2,2,2
exhilarative	0.00	0	-3	0.333333333333333	18	1,0,2,2,-3,-3,-3,-3,-3,-1,3,2,2,3,-1,3,2,-3
golden opportunity	-0.06	0	1	0.388888888888889	18	1,1,1,0,-3,1,-3,-3,1,3,0,-3,1,3,-3,1,2,-1
fundamentalism	0.47	0	2	0.529411764705882	17	0,2,1,-3,2,-3,-3,-3,2,1,2,2,2,0,2,2,2
good fun	-1.07	-1	-3	0.5	14	3,-3,-3,-1,-3,-3,2,-2,-3,-3,0,1,-3,3
high quality	-0.57	-1	-3	0.357142857142857	14	0,1,-3,-3,3,-3,-1,3,1,-3,0,0,-3,0
camaraderie	-1.56	-2	-3	0.5625	16	-1,3,-3,-3,-3,-3,-2,-3,3,-2,-3,3,-3,-2,-3,-3
funeral	0.61	1	-3	0.277777777777778	18	3,1,2,1,3,3,-3,-3,-3,-3,1,2,0,2,-3,3,2,3
glorious	-1.40	-1	-3	0.6	20	-3,-3,-3,-1,3,-3,-3,-2,-3,-3,-3,2,3,3,-3,1,-3,-1,-3,-3
truelove	-1.17	-1	-3	0.5	18	-3,-3,-3,-3,1,2,0,0,-2,-3,2,-3,-3,1,0,-3,2,-3
staunchness	-0.33	0	-3	0.333333333333333	15	2,-3,-3,-3,-3,0,1,3,2,-3,0,1,0,1,0
freedom	-1.58	-2	-3	0.684210526315789	19	3,-3,-1,3,-3,2,-3,-3,-3,-3,-3,-3,3,-3,-1,-3,-3,-3,-3
happytweet	-0.35	0	-3	0.352941176470588	17	0,-2,2,1,1,-3,-3,2,1,1,-3,-3,-3,2,-3,2,2
obliteration	1.10	1	3	0.45	20	-3,0,-3,-3,-3,2,-3,3,2,2,2,3,3,2,3,3,3,3,3,3
grandiosely	0.33	0	2	0.222222222222222	18	3,-3,3,-3,-1,0,0,-3,2,1,0,-2,2,2,3,2,1,-1
make progress	-0.44	0	0	0.388888888888889	18	-3,-3,1,0,3,3,-2,0,0,0,-3,0,-2,3,0,-2,-3,0
enthralled	-0.53	-1	-3	0.421052631578947	19	3,-3,2,3,3,-3,-3,-3,-3,-3,0,3,2,-3,-3,-1,1,-2,0
outgoingness	-0.94	-1	-3	0.4375	16	0,0,1,-3,2,-3,-3,-3,-2,3,-1,3,-3,-3,-3,0
warm weather	-0.55	-1	-2	0.3	20	-1,1,2,-3,1,-2,-2,-2,2,-2,1,2,-2,-3,2,-3,0,-2,-3,3
purebliss	0.00	0	-3	0.461538461538462	13	3,0,3,-3,3,-3,3,3,-3,-3,-3,-3,3
winner	0.15	0	0	0.25	20	0,0,-2,1,-2,2,3,2,3,2,0,0,3,-3,2,-3,1,-3,-3,0
vivacity	-0.43	0	-3	0.214285714285714	14	1,-3,3,-3,-3,-2,-1,-1,0,-2,3,-1,2,1
goodnews	-0.40	0	-3	0.35	20	-3,0,-3,1,1,2,2,1,-3,-3,3,1,-3,-2,3,0,-2,-3,-3,3
doubtlessness	-0.64	-1	-3	0.428571428571429	14	-3,-1,1,2,-3,3,2,1,-3,3,-3,-2,-3,-3
silent treatment	0.62	1	1	0.461538461538462	13	3,3,-3,1,1,-3,1,1,-3,1,2,3,1
here lies	-0.73	-1	-3	0.4	15	0,-2,-3,-3,3,1,0,-3,-3,0,3,-3,2,-3,0
enrapture	0.27	0	3	0.266666666666667	15	-3,-3,3,3,-3,2,-1,2,3,3,0,1,-2,2,-3
positive	-1.00	-1	-3	0.5	18	-3,-3,-3,-1,1,0,2,-3,3,2,-3,-3,-3,-3,1,-3,-2,3
excitation	0.37	0	2	0.351063829787234	94	2,3,3,2,3,2,2,1,2,2,1,3,1,1,1,2,1,1,1,2,-3,-3,1,3,2,-2,-2,-3,2,1,-3,0,2,-3,-2,-3,-3,-2,-2,2,-1,-3,2,-3,3,-3,2,1,-3,2,2,2,-3,-3,-3,-3,-3,-3,-3,2,3,-3,-2,-3,-3,2,1,-2,-2,2,2,2,3,3,2,2,1,2,3,2,-1,2,3,2,2,2,1,2,-1,0,2,3,1,2
awestruck	0.12	0	2	0.294117647058824	17	3,-3,2,2,2,2,2,-3,0,1,1,-1,-1,-3,1,0,-3
wiped out	0.25	0	1	0.3	20	1,-2,1,1,2,-3,-3,2,-3,-3,3,2,1,2,1,-2,3,-1,2,1
rile up	1.08	1	2	0.538461538461538	13	2,-3,-3,-3,3,2,3,3,2,2,2,2,2
nighty night	-1.73	-2	-3	0.6	15	-2,-3,-3,-3,2,-3,-3,3,-3,-2,-3,-3,-3,2,-2
tranquillization	-0.83	-1	-3	0.333333333333333	18	0,-3,2,-3,2,-1,-3,2,-3,0,0,3,-3,-2,-2,-1,-3,0
organized crime	0.44	0	2	0.4375	16	2,-3,-3,-3,-3,-3,1,2,2,2,3,2,1,3,2,2
rock bottom	0.32	0	-3	0.315789473684211	19	1,3,2,3,1,-3,-3,-3,2,-3,1,-3,3,3,2,-3,3,2,-2
hooliganism	0.93	1	2	0.6	15	2,-3,-3,-3,2,2,3,3,2,2,2,2,2,-1,2
gusto	-0.67	-1	-3	0.388888888888889	18	3,-3,1,1,1,-3,-3,-3,-3,-3,0,0,-2,-1,1,-3,3,2
top quality	-1.12	-1	-3	0.470588235294118	17	1,1,2,-3,-3,-3,-3,2,0,0,-2,-3,3,-3,-3,-2,-3
fulfillment	-1.38	-1	-3	0.542553191489362	94	-3,-3,-3,1,-3,-3,0,-2,-3,0,0,0,-3,0,-3,-3,0,-3,2,-3,-3,-3,0,0,0,-3,-3,-3,0,0,0,3,-3,-3,-3,1,-3,2,-3,-3,2,3,-3,0,1,-2,3,-3,-3,3,-3,-3,-3,-3,0,-3,-3,-3,-3,1,-3,-2,0,-3,3,-3,0,0,-3,-3,-3,-3,-3,0,-3,-3,0,1,0,-3,0,-2,-3,0,-3,2,-3,-3,-2,-3,-3,3,-3,2
devotedness	-0.47	0	-3	0.333333333333333	15	-2,-3,0,0,3,1,-3,1,-3,2,0,2,-3,-3,1
exultance	0.65	1	2	0.294117647058824	17	0,2,3,-3,2,-3,-3,1,3,3,-1,3,2,1,2,-3,2
conviviality	-0.71	-1	-3	0.428571428571429	14	2,-3,-3,-2,-3,-3,-3,3,1,3,-3,-2,3,0
true love	-0.12	0	-3	0.294117647058824	17	-1,3,3,-3,3,-3,1,0,3,-3,2,1,-3,-3,2,-2,-2
cheering	-0.21	0	-3	0.263157894736842	19	-3,3,-3,-3,2,1,-1,2,-3,-3,3,1,0,-1,-1,3,-2,1,0
all clear	-2.20	-2	-3	0.866666666666667	15	-3,3,-3,-3,-3,-3,-3,-3,3,-3,-3,-3,-3,-3,-3
reassuring	-0.83	-1	-3	0.444444444444444	18	0,-3,1,-3,3,-3,0,-3,-3,-3,-3,3,-2,3,-3,-2,3,0
tempestuous	0.75	1	2	0.625	16	2,2,-3,-3,-3,-3,2,2,2,1,2,2,2,2,3,2
hatred	1.47	1	3	0.473684210526316	19	-3,-3,-3,3,3,0,0,2,3,3,3,2,3,3,3,2,2,2,3
comatose	-0.72	-1	-3	0.5	18	-3,2,3,1,0,3,0,-3,-3,-3,2,-3,-3,3,0,-3,-3,-3
huge success	0.54	1	3	0.384615384615385	13	0,-2,2,3,3,-2,-3,1,3,3,-2,3,-2
lifelessness	0.78	1	3	0.388888888888889	18	1,-3,3,2,-3,-2,-2,-2,3,3,3,3,1,3,2,3,-3,2
crucified	1.47	1	3	0.647058823529412	17	3,2,3,-3,-3,-3,-3,3,3,3,3,3,3,3,2,3,3
elation	-1.23	-1	-3	0.615384615384615	13	-3,-3,3,1,-3,-3,3,-3,2,-3,-3,-1,-3
steadfastness	-0.12	0	-3	0.294117647058824	17	0,-3,-3,2,-3,3,3,-3,-2,0,2,1,0,2,0,-3,2
celebrating	-0.53	-1	-3	0.315789473684211	19	-3,2,0,-3,2,-3,-3,1,-3,1,1,2,2,-2,-1,1,-2,-3,1
charitableness	-0.38	0	-3	0.384615384615385	13	-3,3,-3,-3,2,2,2,2,-2,-3,3,-3,-2
merriness	0.40	0	2	0.333333333333333	15	-3,-3,3,1,2,1,3,2,2,-3,-3,2,2,-3,3
ecstatically	-0.07	0	-3	0.4	15	0,-3,2,1,-3,3,3,-3,1,1,-3,-3,3,-3,3
breakthrough	-0.89	-1	-3	0.388888888888889	18	0,3,3,-2,-3,-3,-3,-3,-3,-3,-2,0,-3,-1,3,-2,2,1
coma	0.65	1	0	0.294117647058824	17	0,-3,0,-3,0,1,0,0,3,2,3,2,3,1,3,2,-3
clearheaded	-1.69	-2	-3	0.625	16	-3,-3,2,-3,-3,-3,-3,3,2,-3,-3,-3,-1,-3,-1,-2
get help	-0.25	0	-3	0.25	20	-2,1,0,-1,-1,-3,-3,-3,3,-1,0,-3,2,-3,3,1,0,3,1,1
jihad	1.36	1	3	0.571428571428571	14	3,1,-3,3,-3,-3,1,3,3,3,3,3,3,2
hopefulness	-1.59	-2	-3	0.705882352941177	17	-3,-3,-3,-3,-1,3,-3,-3,-3,-3,-3,-3,1,3,3,-3,-3
bloom	-0.79	-1	-3	0.368421052631579	19	-3,0,0,-2,-3,-3,3,-3,-3,3,1,-2,0,-3,0,-3,2,1,0
bright	-1.00	-1	-3	0.571428571428571	14	-3,3,-3,3,3,-3,-3,-3,-3,-3,0,-3,-1,2
exhilaration	0.21	0	3	0.263157894736842	19	2,-2,2,1,3,3,2,3,-3,-3,-3,3,-1,-2,3,-3,-1,-2,2
anaesthetize	-0.29	0	-3	0.214285714285714	14	-2,1,-3,2,-3,3,-2,-3,-2,0,1,2,2,0
pluckiness	0.47	0	-3	0.210526315789474	19	0,0,-1,3,1,-3,1,-3,-3,-3,3,1,2,3,0,2,3,2,1
cheerful	-1.56	-2	-3	0.722222222222222	18	3,-3,3,-3,-3,-3,-3,-3,0,2,-3,-3,-3,-3,-3,-3,-3,3
calmness	-1.89	-2	-3	0.736842105263158	19	-3,-3,-1,-3,3,-3,-3,-3,-3,-3,3,-3,-3,-3,-3,3,-3,-2,-3
gratification	-0.89	-1	-3	0.315789473684211	19	-1,-2,-1,-3,3,1,1,1,-3,3,2,-3,-1,-2,-2,-3,-3,-1,-3
healthfulness	-0.07	0	-3	0.266666666666667	15	-2,0,-3,3,1,-3,2,3,-2,-2,-3,-3,3,3,2
have success	-0.86	-1	-3	0.5	14	3,-3,-3,3,-3,-3,-3,-3,-1,-3,1,-1,1,3
hearse	0.06	0	-3	0.25	16	-2,-1,1,3,-3,-3,-3,-3,0,-2,2,2,3,2,3,2
plagiarizer	0.62	1	2	0.5	16	1,1,-3,-3,2,-3,-3,2,2,2,2,3,1,2,2,2
deep freeze	0.35	0	0	0.352941176470588	17	0,-3,-3,3,3,3,3,3,0,0,1,-3,0,-3,2,0,0
ruined	0.81	1	2	0.5625	16	2,2,2,2,3,2,-3,-3,2,2,-1,2,3,-2,-2,2
enthusiastic	0.27	0	2	0.4	15	-1,2,-3,2,2,0,2,-3,2,-1,-3,-1,1,3,2
straightforward	-1.32	-1	-3	0.473684210526316	19	0,3,-3,0,-3,-3,-3,-1,-3,0,3,-3,-2,-3,-2,0,-3,1,-3
lifesaving	-0.19	0	-3	0.3125	16	-3,0,-3,0,-3,2,-1,1,2,2,1,-3,0,2,3,-3
splendor	-0.16	0	-3	0.368421052631579	19	1,-3,-3,-3,-3,2,-3,3,3,-3,3,3,-2,0,3,2,-1,1,-3
hemorrhoids	1.11	1	2	0.444444444444444	18	-3,-3,-1,2,-3,3,3,2,2,3,2,3,2,1,2,1,2,2
warmness	0.39	0	2	0.333333333333333	18	1,1,3,-3,-3,-2,-2,2,1,2,3,-3,2,2,-2,2,1,2
good samaritan	-0.94	-1	-3	0.444444444444444	18	-3,-3,-3,-3,3,-3,-1,3,2,2,-1,-2,2,1,-3,-2,-3,-3
merry	-1.44	-1	-3	0.555555555555556	18	0,3,-1,-2,-3,-3,-3,-3,-3,-3,-3,-3,-3,-3,0,3,1,0
healthiness	-0.25	0	-3	0.375	16	0,-3,-3,-3,2,-3,1,3,2,3,-3,3,-3,-2,0,2
scares	1.15	1	3	0.384615384615385	13	-3,3,-3,-3,2,2,2,2,3,1,3,3,3
loveliness	-1.08	-1	-3	0.538461538461538	13	1,-3,2,-3,-3,-3,3,-1,1,-3,1,-3,-3
innerpeace	-1.85	-2	-3	0.8	20	-3,-3,-3,-3,-3,-3,-3,-3,3,-3,-3,-3,3,-3,-3,-3,-3,-3,3,2
lovinglife	0.07	0	-3	0.428571428571429	14	3,3,0,-3,3,-3,2,3,-3,-3,-3,2,-3,3
comfortableness	-0.75	-1	-3	0.5	12	3,-3,2,-3,1,0,3,-3,-3,-3,-3,0
lucky dog	-0.83	-1	-3	0.388888888888889	18	0,-1,2,3,-1,-3,0,-3,-3,-3,-1,0,-2,3,-3,-3,3,-3
feelgood	0.47	0	-3	0.266666666666667	15	1,1,-1,-3,-3,3,1,-3,2,-3,2,3,2,2,3
lay off	0.79	1	2	0.428571428571429	14	2,-3,0,-3,-3,3,1,3,2,2,2,1,2,2
comfort food	-1.06	-1	-3	0.375	16	-1,-3,-3,2,-2,2,-3,-1,-1,-2,-3,-1,-3,3,-3,2
malevolence	1.14	1	3	0.571428571428571	14	2,-3,-3,-3,3,-3,3,3,3,2,3,3,3,3
confidence	-0.53	-1	-3	0.473684210526316	19	0,3,0,0,0,-3,-3,-3,-3,-3,3,3,-3,-3,-3,-3,2,3,3
merrier	-0.80	-1	-3	0.4	15	2,-3,-1,-3,2,-1,3,-3,-3,-3,-1,-3,0,3,-1
appreciated	-1.07	-1	-3	0.466666666666667	15	-3,1,-3,1,-3,0,-3,2,3,-3,-3,-2,2,-2,-3
uplifting	-1.54	-2	-3	0.615384615384615	13	0,-3,-3,3,-3,-3,-3,-3,-2,2,1,-3,-3
uncontainable	0.94	1	3	0.375	16	0,-3,-3,3,-3,-3,2,3,2,3,3,3,3,1,2,2
cheeriness	-0.54	-1	-3	0.384615384615385	13	-1,3,-1,3,2,3,-3,-3,-2,-3,-3,-3,1
cremation	0.24	0	1	0.294117647058824	17	-3,-3,0,-1,1,-3,0,1,3,1,1,0,-3,3,1,3,3
moral support	0.50	1	3	0.222222222222222	18	-3,3,0,0,3,2,1,3,2,3,1,0,-2,-3,1,0,1,-3
comfortable	-2.14	-2	-3	0.857142857142857	14	-3,3,-3,-3,3,-3,-3,-3,-3,-3,-3,-3,-3,-3
elegance	-1.32	-1	-3	0.526315789473684	19	-3,-1,-3,0,1,-3,-3,3,-3,2,0,-3,-2,-3,-3,-3,-3,-1,3
downheartedness	0.42	0	1	0.416666666666667	12	-3,-3,-3,1,1,1,1,2,3,2,1,2
bravery	-0.80	-1	-3	0.5	20	3,0,-3,0,0,-3,-3,-3,-3,-3,3,-3,2,-1,3,-3,3,-3,1,-3
euphoria	0.82	1	3	0.454545454545455	11	2,2,-3,-1,3,3,-3,-3,3,3,3
hospice	-0.05	0	-3	0.368421052631579	19	-3,2,-3,-3,3,-3,-3,-1,-3,1,3,2,-3,2,3,2,2,-1,2
crippler	1.77	2	3	0.538461538461538	13	3,-3,-3,3,3,3,2,2,3,3,3,2,2
rush in	0.33	0	2	0.4	15	2,-3,-3,-3,-3,-3,1,1,2,2,2,2,2,3,3
upbeat	-0.83	-1	-3	0.333333333333333	18	-3,-3,-3,2,-1,-3,-3,2,2,-2,2,-1,-2,3,2,-2,-2,-3
mass destruction	1.88	2	3	0.8125	16	3,-3,3,3,-3,-3,3,3,3,3,3,3,3,3,3,3
merriment	-1.61	-2	-3	0.611111111111111	18	1,-3,2,-3,-3,3,-3,0,-3,-3,-3,-3,-3,-2,-3,-2,-3,2
abusively	1.63	2	3	0.473684210526316	19	3,2,1,3,-3,-3,3,-3,3,2,2,3,3,3,2,2,3,3,2
liberate	-1.12	-1	-3	0.411764705882353	17	2,1,0,-2,-3,-3,-3,-3,-3,-3,-2,-1,3,-2,3,-3,0
dictatorship	1.50	2	3	0.444444444444444	18	-3,2,2,-3,-3,3,3,3,0,2,3,3,3,3,2,2,3,2
goodtimes	-0.72	-1	-3	0.388888888888889	18	-2,-3,1,1,-3,-3,2,-3,-3,1,-2,1,1,2,-3,1,-3,2
tearsofjoy	-1.21	-1	-3	0.571428571428571	14	0,-3,3,-3,2,-3,-3,3,1,-3,-3,-3,-3,-2
hypothermic	0.19	0	-3	0.25	16	1,2,-3,-2,-3,-3,-3,3,2,3,1,2,0,-1,1,3
die laughing	0.05	0	2	0.263157894736842	19	-3,-3,1,2,3,-3,-2,2,2,2,3,1,0,2,-1,-3,0,1,-3
mournful	0.37	0	2	0.315789473684211	19	1,-3,1,2,-2,-3,-3,-3,-2,-3,2,2,3,3,3,2,2,3,2
pretense	-0.13	0	-3	0.333333333333333	15	2,1,1,-3,-3,-3,-3,-3,1,2,2,2,0,1,1
great year	-0.38	0	-3	0.25	16	-3,0,3,2,1,-1,-2,2,-2,-3,-3,0,3,1,-1,-3
abundance	-0.30	0	0	0.35	20	-3,0,3,3,0,-3,-3,-3,0,-3,1,0,3,-3,1,0,-1,2,0,0
woohoo	0.06	0	1	0.333333333333333	18	1,1,3,1,1,-3,-3,-3,0,0,-2,3,-3,2,-2,1,3,1
take pleasure	0.20	0	2	0.333333333333333	15	-3,2,2,-1,1,2,3,1,-3,-3,-3,2,3,2,-2
warm	-0.54	-1	-3	0.307692307692308	13	-1,-3,-3,-3,3,-1,3,-3,-1,1,-2,1,2
pure	-1.67	-2	-3	0.666666666666667	12	3,-3,-3,0,-3,-3,3,-2,-3,-3,-3,-3
bright future	-0.39	0	-3	0.333333333333333	18	-3,2,1,-3,-3,3,-2,-2,-2,-2,3,3,3,-3,3,-3,1,-3
esteemed	-0.53	-1	2	0.294117647058824	17	0,-3,2,-3,2,1,-1,2,2,2,-2,-3,-1,-3,-3,0,-1
thrilling	0.75	1	2	0.4	20	1,2,2,2,-3,-3,-3,-3,3,2,1,0,2,3,3,3,-3,2,2,2
happy dance	-0.50	-1	-3	0.357142857142857	14	0,2,-3,-3,-3,2,2,-3,-1,3,-2,1,-3,1
casket	-0.03	0	0	0.297297297297297	37	-3,3,-3,-3,-3,0,-1,0,-3,0,0,0,0,-3,-3,0,0,-1,-3,0,0,-2,-3,0,3,3,3,3,3,-1,3,2,2,3,3,-3,3
excite	0.79	1	3	0.421052631578947	19	2,3,0,1,0,3,-2,-2,-2,-2,3,3,3,3,0,-1,3,-3,3
hate	1.69	2	3	0.517241379310345	87	2,3,3,1,1,3,1,2,1,3,2,2,2,3,3,2,3,2,3,2,3,3,2,3,3,0,3,3,2,3,2,3,-3,0,3,2,-3,2,3,2,2,3,2,-3,-3,3,2,0,2,3,3,3,3,0,2,2,3,3,3,3,3,-3,-3,3,2,3,-3,-3,3,3,-3,-3,2,3,3,3,-3,3,3,3,3,3,3,-3,3,3,3
elate	-0.06	0	3	0.388888888888889	18	2,-3,-1,3,-3,3,-3,-3,-3,-3,-1,3,3,-2,-2,3,3,3
rampage	1.74	2	3	0.526315789473684	19	-3,2,2,-3,-3,3,3,3,3,3,3,3,3,3,2,3,2,2,2
jubilance	-1.00	-1	-3	0.526315789473684	19	3,-3,-3,2,2,2,2,-3,-3,-3,-2,2,-3,-3,-3,-3,2,-2,-3
intensive care	-0.19	0	-3	0.3125	16	1,-3,-3,-3,2,-3,0,3,-2,0,2,2,0,2,-3,2
rock solid	-0.69	-1	-2	0.3125	16	-3,-1,-2,-2,2,3,-2,-2,-3,3,-1,-3,-3,3,2,-2
desirable	-0.47	0	-3	0.368421052631579	19	1,0,1,1,3,-3,-3,-3,-3,-3,1,-3,0,-1,-3,-1,2,3,2
best friend	-0.81	-1	-3	0.5	16	0,0,-3,3,-3,2,-3,1,2,1,-3,-3,-3,-3,2,-3
slammed	0.36	0	2	0.428571428571429	14	2,1,-3,-3,-3,-3,2,2,2,2,0,1,2,3
pandemonium	1.35	1	3	0.588235294117647	17	2,3,3,-3,-3,3,-3,-3,3,3,3,3,3,1,2,3,3
repose	-1.62	-2	-3	0.6875	16	1,1,-3,1,1,-3,-3,-3,-3,-3,-3,-3,-3,-3,-3,3
prosper	-1.59	-2	-3	0.588235294117647	17	3,-3,-3,-1,-3,-3,-3,-3,-3,-1,-3,-3,-1,-3,3,1,-1
blow me	0.27	0	-3	0.266666666666667	15	3,0,-3,-3,-3,-3,2,0,3,2,0,1,0,3,2
glee	-1.30	-1	-3	0.65	20	1,2,-3,-3,3,-3,-3,-3,-3,-3,-3,-3,1,-3,-3,-3,-3,3,3,0
rejoicing	-0.84	-1	-3	0.473684210526316	19	3,3,-3,-3,-3,2,-3,3,-3,2,3,-1,-2,0,-3,-3,-2,-3,-3
blessing	-1.20	-1	-3	0.495238095238095	105	-3,-3,-3,-3,-3,-3,0,-1,0,-2,-3,0,-3,-3,-3,-3,-3,-3,-3,-3,-3,-3,3,-1,-3,-3,1,-3,1,0,3,-3,-2,0,-3,-3,-2,-1,-3,-2,-3,1,0,-3,-3,-3,-3,2,-3,0,-2,0,-3,0,-3,1,-3,-2,-3,1,-3,-3,2,0,-3,-3,2,3,1,-3,-3,1,-3,2,3,1,-3,-3,-3,-3,0,2,-3,-2,3,-3,1,-3,0,3,1,-3,-2,3,-2,-3,2,3,3,-2,0,-3,1,3,-3
inspired	0.39	0	3	0.277777777777778	18	1,-3,1,-3,0,-3,0,3,1,3,3,0,3,-3,2,2,3,-3
succeeding	0.59	1	3	0.235294117647059	17	-2,2,1,-1,2,-3,-3,-1,2,3,1,-2,0,3,3,3,2
chilling	-0.92	-1	-3	0.384615384615385	13	-2,3,-1,1,2,-3,-3,-3,1,-3,-3,1,-2
happy holidays	-0.87	-1	-3	0.4	15	-3,-3,3,0,-2,2,-3,1,-3,2,1,-2,-3,-3,0
excellent	-1.40	-1	-3	0.733333333333333	15	-3,-3,-3,3,-3,-3,-3,-3,-3,-3,-3,-3,3,3,3
sacrificed	0.50	1	2	0.25	16	2,-3,-1,3,-3,-3,2,0,-1,1,3,1,2,3,0,2
embattled	0.71	1	2	0.470588235294118	17	1,2,-3,-3,2,-3,-3,3,2,0,2,2,1,2,2,3,2
obliterate	0.74	1	3	0.368421052631579	19	3,-3,3,2,-3,-3,-3,-3,-3,3,1,2,2,3,2,3,2,3,3
radiant	-0.85	-1	-3	0.4	20	1,0,-3,-1,0,3,2,-3,-3,-3,0,0,3,-3,-2,-3,-2,-3,3,-3
easeful	-1.75	-2	-3	0.6875	16	-3,-3,-2,3,-3,-3,-3,3,-3,-3,-3,-3,3,-3,-2,-3
happier	0.23	0	3	0.230769230769231	13	0,2,1,-3,2,2,3,3,-2,-3,3,-3,-2
festiveness	-1.06	-1	-3	0.411764705882353	17	-1,-2,-2,-3,1,-3,3,0,-3,1,-3,3,-3,-1,-3,1,-3
fresh start	-0.94	-1	-3	0.388888888888889	18	-3,-3,0,-3,1,-3,-2,3,0,1,1,-2,-3,1,-3,-3,-2,3
radiance	-1.75	-2	-3	0.6875	16	3,1,-3,0,-3,-3,-3,-3,-3,-3,-2,3,-3,-3,-3,-3
sad	-0.80	-1	-3	0.533333333333333	15	3,2,0,2,0,-3,-3,-3,3,2,-3,-3,-3,-3,-3
subservience	0.00	0	-3	0.333333333333333	15	2,-3,-3,-3,-3,-3,1,1,2,1,2,1,2,2,1
despondently	0.58	1	1	0.315789473684211	19	1,2,2,1,1,-3,-3,-3,-3,-3,2,3,1,3,3,3,2,1,1
whole heartedly	-0.35	0	-3	0.294117647058824	17	0,0,0,-3,0,2,-3,2,-3,1,-3,-3,2,-2,3,1,0
destroying	1.00	1	2	0.421052631578947	19	-3,2,2,2,2,0,-3,0,-3,-3,3,3,2,2,3,2,3,3,2
sunbath	-0.78	-1	-3	0.388888888888889	18	-1,-3,-3,1,2,-3,-3,-1,0,1,-3,0,-1,1,2,-3,-3,3
enraged	1.67	2	3	0.666666666666667	15	3,3,2,2,-3,-3,-3,3,3,3,3,3,3,3,3
exaltedly	-0.29	0	0	0.411764705882353	17	0,3,-3,0,-3,0,-3,-3,0,3,0,3,0,-3,0,-1,2
rise up	0.00	0	2	0.416666666666667	12	2,-3,2,-3,2,-3,1,-2,2,2,0,0
dejectedly	0.13	0	-3	0.266666666666667	15	1,-3,0,1,-3,1,2,-3,3,0,-3,2,2,2,0
festive	-0.67	-1	-3	0.388888888888889	18	-2,-3,-3,-3,-1,-3,1,2,2,-3,3,-1,-3,3,-3,1,3,-2
good job	-1.00	-1	-3	0.5	14	3,0,-3,2,1,3,-3,-2,-3,-3,-3,-3,-3,0
exultantly	1.47	1	3	0.470588235294118	17	2,2,2,1,3,3,0,-3,1,3,3,-3,3,-1,3,3,3
cheery	-0.84	-1	-3	0.473684210526316	19	-3,2,2,0,-3,-3,2,-3,1,-3,3,-3,-1,1,-3,-2,-3,-3,3
fortunate	-0.15	0	-3	0.25	20	-1,-1,1,-3,-1,-3,3,-1,-2,1,2,3,3,1,-3,-3,3,-2,-3,3
wonderfulness	-0.94	-1	-3	0.5	16	3,0,-3,3,-3,2,-3,-3,-3,1,-2,-3,1,-3,1,-3
goodhealth	-1.46	-1	-3	0.692307692307692	13	0,3,-3,3,-3,-3,-3,-3,-3,2,-3,-3,-3
smiley face	-1.33	-1	-3	0.6	15	1,1,-3,-3,-3,-3,-3,3,1,1,-3,-3,-3,-3,0
inexcusable	0.56	1	2	0.3125	16	1,2,1,2,1,-3,-3,3,-3,-3,1,1,2,2,3,2
warmth	-1.59	-2	-3	0.647058823529412	17	-3,-3,-3,-3,-3,3,-3,-3,3,-3,2,-3,1,-3,-2,-1,-3
elevated	-0.87	-1	-3	0.4	15	0,0,-3,2,-3,-3,-3,2,-3,-1,-1,3,0,0,-3
aggressive	0.82	1	2	0.411764705882353	17	2,2,2,2,-3,2,-3,-3,-3,3,3,1,1,2,1,2,3
jubilatory	0.80	1	3	0.333333333333333	15	-3,2,3,3,-3,3,3,0,0,2,-2,3,2,2,-3
assuredness	-0.67	-1	-3	0.4	15	-3,3,1,-2,1,-3,3,2,-3,-2,3,-3,-1,-3,-3
rescue	-0.12	0	-3	0.294117647058824	17	2,1,0,1,-3,2,-3,-3,-3,2,1,-1,1,-3,2,2,0
unscrupulous	0.74	1	2	0.421052631578947	19	2,1,2,2,2,2,-3,-3,-3,-3,2,2,0,2,3,1,1,1,3
acclaim	-1.00	-1	-3	0.421052631578947	19	0,1,-3,-1,2,-3,-3,-3,-3,-3,1,2,1,-2,2,-2,-3,-3,1
ardently	-0.37	0	-3	0.263157894736842	19	3,-2,2,1,1,-3,-3,-3,-3,-3,-1,-1,0,2,3,1,0,-1,0
hilarity	0.55	1	3	0.272727272727273	33	3,3,3,3,0,1,1,3,1,3,1,1,2,3,1,2,2,1,3,1,-2,3,-3,-3,-3,1,-3,-3,-3,-3,2,0,-3
pass away	0.00	0	-3	0.352941176470588	17	3,2,2,1,-3,-3,0,-3,-3,3,-3,3,3,-1,-3,2,0
well known	0.07	0	-3	0.214285714285714	14	0,0,2,-3,3,-1,-2,1,-3,3,-3,0,1,3
bordello	0.31	0	2	0.375	16	0,-3,-3,-3,2,-3,3,1,0,2,2,2,1,0,2,2
exhilarant	0.00	0	-3	0.3125	16	3,2,-3,-3,-3,-3,2,1,0,-3,2,2,3,-1,3,-2
lamb	-0.94	-1	-3	0.388888888888889	18	0,-3,-3,1,0,2,2,2,2,0,-2,-3,-1,-2,-3,-3,-3,-3
supported	-0.47	0	-3	0.421052631578947	19	1,0,3,-3,0,-2,-3,-3,3,1,3,-3,1,-3,3,-3,-3,2,-3
squeaky clean	-1.32	-1	-3	0.526315789473684	19	-3,0,-3,-3,0,-3,-3,-2,0,3,2,-3,-3,-3,3,-3,-1,0,-3
honoured	0.05	0	-3	0.263157894736842	19	-3,-3,-3,0,-3,0,2,0,0,1,2,2,3,2,3,1,-2,-3,2
disdainfully	0.27	0	1	0.4	15	1,-3,1,-3,-3,-3,3,0,3,1,1,2,1,1,2
overthemoon	-0.44	0	-3	0.4375	16	0,2,-3,-3,1,3,3,1,2,-3,-3,-3,1,-3,-3,1
felicity	0.31	0	-3	0.25	16	1,3,-3,-2,2,-3,2,0,-3,3,1,-3,1,0,3,3
shoot out	0.94	1	2	0.444444444444444	18	2,2,1,2,-3,-3,2,-3,-3,0,2,3,3,2,2,3,3,2
grieving	0.85	1	3	0.461538461538462	13	3,1,-3,-3,-3,-3,3,3,2,3,3,2,3
braveness	0.28	0	2	0.388888888888889	18	-3,0,0,-2,2,1,-2,2,2,2,-3,3,2,-3,2,1,-1,2
magnanimity	-0.87	-1	-3	0.4	15	-3,3,0,1,-3,2,1,-3,-3,1,-2,0,-3,-1,-3
success story	-1.80	-2	-3	0.733333333333333	15	1,-3,-3,-3,2,-3,-3,0,-3,-3,-3,-3,-3,3,-3
dreamland	-1.84	-2	-3	0.736842105263158	19	-3,-3,-3,-3,-3,-3,3,-3,2,-2,-3,-3,-3,-3,-3,1,-3,-3,3
goodday	-0.82	-1	-3	0.352941176470588	17	-3,1,-1,2,-2,-2,1,3,-2,0,2,-3,-3,-3,-3,-3,2
flagellator	0.13	0	-3	0.266666666666667	15	2,2,-3,-3,-3,0,-3,0,0,2,1,3,0,1,3
great place	0.00	0	-3	0.235294117647059	17	-3,-3,-3,-1,1,3,0,2,2,1,0,-2,2,1,-3,3,0
spotless	-1.40	-1	-3	0.5	20	2,-3,2,2,2,-3,-3,-2,-3,-3,-3,-2,0,-2,-2,-3,-3,-3,-3,2
rapturously	-0.79	-1	-3	0.5	14	0,-3,-3,-3,3,-3,3,2,-1,-3,0,-3,3,-3
dungeon	0.94	1	3	0.352941176470588	17	3,2,0,-1,2,-3,-3,-3,0,0,3,3,2,2,3,3,3
good news	-1.20	-1	-3	0.666666666666667	15	-3,-3,-3,3,3,2,3,-3,-3,-3,-3,-3,-3,1,-3
good timing	-1.12	-1	-3	0.4375	16	0,0,-2,3,1,0,-3,3,-3,-2,-3,-3,-3,0,-3,-3
exaltation	-0.65	-1	-3	0.411764705882353	17	-1,3,2,-1,-3,-3,-3,-3,-3,3,2,-3,3,-2,-1,2,-3
sedated	-0.62	-1	-2	0.3125	16	-2,-1,-2,2,2,2,2,3,-2,-1,-3,-2,0,-3,-2,-3
courage	-1.65	-2	-3	0.6	20	-3,2,-3,3,-2,-3,-3,2,-1,-3,-3,-3,1,-3,-2,-3,-3,-3,0,-3
esteem	-0.63	-1	-3	0.421052631578947	19	1,-1,0,2,-3,-3,-3,-3,-3,1,1,1,2,-3,-3,1,-3,2,2
weakest	0.06	0	-3	0.294117647058824	17	1,1,1,-3,-3,-3,-3,-3,0,2,2,1,0,2,1,2,3
disrobement	0.00	0	2	0.3125	16	0,1,-3,-3,-3,2,-3,1,-2,2,1,2,0,1,2,2
joyousness	-1.25	-1	-3	0.666666666666667	12	-3,-3,-3,-3,2,3,-3,-3,1,-3,-3,3
joyous	-1.83	-2	-3	0.722222222222222	18	-3,-3,-3,-1,-3,-3,-1,3,3,-3,-3,-3,2,-3,-3,-3,-3,-3
rapt	-0.37	0	-3	0.315789473684211	19	3,1,1,-2,3,-3,-3,2,2,-3,1,-3,-1,2,-2,0,1,-3,-3
undiscouraged	-0.62	-1	-3	0.3125	16	1,2,2,1,-2,-3,-3,-3,-3,-3,3,-1,2,-2,0,-1
bombing	1.78	2	3	0.611111111111111	18	3,3,2,2,3,3,3,-3,-3,-3,3,3,2,3,3,2,3,3
intrepidness	0.21	0	1	0.285714285714286	14	-3,1,-3,2,3,0,1,1,-2,-2,3,3,-2,1
cheer up	-0.32	0	-2	0.315789473684211	19	2,3,-1,1,-2,-2,-2,-2,-2,-3,0,1,3,2,-3,3,-3,-2,1
murkily	0.71	1	3	0.285714285714286	14	1,1,3,3,3,3,-2,-3,1,1,0,2,0,-3
lost	0.47	0	3	0.235294117647059	17	2,3,2,3,-3,0,3,3,-3,0,2,-3,-2,2,1,-3,1
appreciation	-1.37	-1	-3	0.631578947368421	19	3,-3,3,2,3,-3,-3,-3,-3,2,-1,-3,-3,-2,-3,-3,-3,-3,-3
sadness	0.88	1	2	0.3125	16	1,-3,2,1,-3,-3,3,3,2,1,0,3,2,2,1,2
cheered	-0.31	0	-3	0.307692307692308	13	0,3,-1,-3,1,-3,1,-3,1,3,2,-3,-2
feeling good	-0.58	-1	-3	0.583333333333333	12	3,3,-3,-3,3,2,-3,-3,-3,-3,-3,3
delusion	0.91	1	3	0.347826086956522	23	-3,-3,-3,-3,0,0,-2,0,3,2,3,3,3,1,2,3,2,3,1,3,1,2,3
awe	-0.89	-1	-3	0.473684210526316	19	-3,-3,-3,3,-3,-3,0,-3,-3,2,-3,-3,-2,1,-1,3,2,-1,3
decisive	-0.32	0	-3	0.315789473684211	19	2,3,2,0,1,-3,0,-3,-3,1,1,-3,0,-3,-3,0,-1,3,0
relentlessness	0.45	0	2	0.272727272727273	11	-2,2,-3,-3,3,3,1,2,2,1,-1
breathtaking	0.20	0	2	0.4	15	3,-3,-3,2,2,0,2,-3,-3,2,2,2,-1,-2,3
intimidator	1.40	1	3	0.733333333333333	15	-3,3,-3,-3,-3,3,3,3,3,3,3,3,3,3,3
good god	0.06	0	-3	0.25	16	1,0,-3,-3,-3,1,-3,1,3,0,-1,2,0,3,1,2
exult	1.00	1	3	0.5	18	3,3,-3,-3,3,3,2,-3,2,3,-3,3,-3,3,0,3,2,3
laughter	-1.58	-2	-3	0.578947368421053	19	3,3,3,-3,-2,-2,-3,-2,-3,-3,0,-3,-3,-3,-3,-3,-3,-3,0
good work	-1.40	-1	-3	0.533333333333333	15	0,-3,0,-3,-3,3,-3,2,-3,-3,-2,2,-3,-2,-3
favorable	-1.06	-1	-3	0.444444444444444	18	-2,2,2,2,1,-3,-3,-3,0,-3,-3,-3,-1,-3,2,-1,-3,0
hostilities	1.32	1	3	0.421052631578947	19	-3,-3,-3,-3,3,3,2,3,2,3,1,3,3,3,2,2,2,3,2
recuperative	-0.89	-1	-3	0.333333333333333	18	-1,-3,-3,3,-3,2,-2,-2,-2,-3,3,-3,-3,3,-2,0,1,-1
take solace	-1.33	-1	-3	0.533333333333333	15	-2,-3,1,-3,3,1,2,-3,-3,-3,-3,1,-3,-3,-2
celebratory	0.31	0	1	0.307692307692308	13	1,-3,1,2,2,1,0,1,-2,3,-2,-3,3
belly laugh	-1.25	-1	-3	0.5625	16	2,1,-3,-2,2,-3,-3,1,-3,2,-3,-3,-3,-3,1,-3
arousal	0.40	0	2	0.4	20	2,0,2,1,2,-3,-3,-3,-3,-3,1,1,3,2,2,1,2,2,0,2
freshstart	-0.79	-1	-3	0.285714285714286	14	2,-3,1,-3,0,-1,-3,0,-2,-3,2,-2,3,-2
consolation	-1.29	-1	-3	0.470588235294118	17	-1,-3,1,-3,-3,-2,3,-3,-2,2,-3,1,-3,-2,2,-3,-3
thriving	-0.84	-1	-3	0.526315789473684	19	0,3,3,3,-2,-3,-3,-3,-3,-3,3,3,-3,-3,-2,-3,-3,-3,3
restfulness	-1.58	-2	-3	0.736842105263158	19	-3,-3,3,0,-3,-3,-3,-3,-3,-3,-3,3,-3,3,-3,-3,-3,-3,3
prosperity	-0.88	-1	-3	0.5	16	1,-3,2,-3,-3,-3,-3,0,-3,3,-3,2,-1,3,-3,0
intoxicating	0.35	0	2	0.294117647058824	17	-2,2,-1,3,-3,3,-3,2,2,-3,-1,1,2,2,-1,0,3
fulfilling	-0.50	-1	-3	0.5	14	-3,1,-3,-3,-3,3,3,3,-2,-3,-3,3,3,-3
celebrate	0.80	1	3	0.4	15	-3,3,-3,-3,-3,3,3,3,1,-1,2,2,3,2,3
luckiest	-0.58	-1	-3	0.368421052631579	19	-3,1,-3,-3,0,-3,1,-3,-3,1,-3,1,3,0,-1,1,1,-1,3
hateyou	0.67	1	3	0.333333333333333	15	1,3,1,-2,3,3,1,-3,2,3,-3,-3,0,3,1
look forward	-0.11	0	-3	0.222222222222222	18	-3,0,1,-3,0,0,3,-2,-2,3,2,2,-3,-1,-3,2,1,1
blitheness	-1.38	-1	-3	0.5	16	-1,-3,2,1,1,-3,-3,3,-2,-3,0,-2,-3,-3,-3,-3
wisely	-1.64	-2	-3	0.642857142857143	14	3,-1,-3,0,-3,-3,2,-3,0,-3,-3,-3,-3,-3
sohappy	0.53	1	3	0.466666666666667	15	3,3,-3,0,-3,2,3,3,-2,3,-3,3,-3,3,-1
harmoniousness	-1.56	-2	-3	0.5625	16	0,0,-3,3,-3,-3,-3,-3,-3,-1,3,-2,-3,-3,-3,-1
fatal	1.53	2	3	0.588235294117647	17	3,3,2,2,-3,-3,3,-3,3,3,0,3,1,3,3,3,3
energize	-0.44	0	-3	0.375	16	0,3,3,0,3,-2,-3,-3,-3,-3,2,-3,-3,2,-1,1
uncaring	0.90	1	3	0.25	20	2,2,-3,3,1,0,3,-3,3,1,3,1,2,2,-3,2,-1,1,3,-1
unflawed	-0.78	-1	-3	0.444444444444444	18	0,-3,3,-1,0,-3,-3,-3,-3,-3,1,3,0,1,-3,3,-3,0
togetherness	0.56	1	3	0.3125	16	-3,-3,-3,3,2,3,0,1,1,3,-2,3,2,2,-3,3
fortitude	-1.39	-1	-3	0.555555555555556	18	1,2,0,-3,-3,-3,-3,-3,-3,2,2,-1,-3,-3,-3,-3,-2,1
lightless	1.31	1	3	0.5	16	3,3,0,3,0,3,-3,3,3,3,-2,2,1,-3,2,3
disorderedly	-0.06	0	-3	0.3125	16	2,2,-3,-3,-3,-3,-3,1,0,3,1,-1,2,1,2,1
dispirit	1.06	1	2	0.5	16	2,3,-3,2,-3,2,-3,0,3,2,2,1,3,2,2,2
blazing	0.80	1	2	0.333333333333333	15	2,2,0,-3,0,-3,-3,2,1,3,3,1,3,2,2
celebration	-1.00	-1	-3	0.388888888888889	18	1,-3,-3,1,0,3,-3,-3,-2,-1,1,-3,-3,-1,-2,1,-3,2
pleasurably	-0.75	-1	-3	0.4375	16	-1,-1,2,3,-3,-3,-3,-1,2,-3,-3,-3,3,-1,3,-3
wholesome	-1.17	-1	-3	0.666666666666667	18	3,3,-3,3,-3,-3,-3,-3,-3,-3,-3,3,-3,-3,1,-3,-3,2
exhilarated	0.56	1	3	0.444444444444444	18	-3,2,-3,3,3,-3,-3,2,-3,3,3,-3,-1,3,3,3,1,3
well off	-0.79	-1	-3	0.421052631578947	19	-2,-1,-3,2,-3,-3,-3,1,-3,1,-3,2,-3,3,-3,1,2,-2,2
incommunicado	-0.37	0	-3	0.315789473684211	19	2,2,2,2,1,-3,-3,-3,-3,-3,-2,-3,2,1,0,0,1,1,-1
vigor	0.17	0	0	0.388888888888889	18	0,0,3,0,3,-3,-3,-3,-3,3,2,0,1,0,0,2,0,1
lightning	0.90	1	2	0.4	20	0,0,2,2,2,2,-3,-3,-3,-3,1,2,3,3,3,2,2,1,2,3
encouraging	-0.92	-1	-3	0.461538461538462	13	2,2,-3,-3,-3,0,2,-3,-3,-2,1,-3,1
sightless	0.50	1	3	0.25	16	1,-3,3,1,3,3,3,-1,-3,1,1,0,2,0,0,-3
powerfulness	0.14	0	-3	0.285714285714286	14	-2,1,0,-3,-3,-3,2,3,2,1,3,1,-3,3
unemployment	0.73	1	2	0.666666666666667	15	2,2,-3,-3,2,-3,2,2,2,2,2,2,2,-1,1
take charge	0.12	0	0	0.25	16	2,0,-3,-3,-2,-3,-1,2,0,2,0,3,3,0,-1,3
revitalize	0.27	0	-3	0.266666666666667	15	-3,3,2,-3,-1,1,3,2,1,3,-3,-3,2,-1,1
welcomed	-0.69	-1	-3	0.375	16	1,1,0,1,1,-3,-3,1,-3,-3,3,-3,-2,-2,3,-3
retarded	1.13	1	3	0.4	15	3,-1,-3,-2,1,-3,1,3,3,3,3,2,3,2,2
sad story	0.11	0	3	0.166666666666667	18	1,2,-3,-2,2,1,-3,0,-2,1,0,-1,3,2,3,3,-2,-3
lovely	-0.88	-1	-3	0.470588235294118	17	-3,-3,-2,-3,0,2,1,-3,1,2,-3,-3,-3,-3,2,1,2
greatness	-0.67	-1	-3	0.333333333333333	18	3,0,3,-1,3,-3,-3,0,-3,-3,-2,-3,-3,-1,-2,3,1,-1
miserably	1.47	1	3	0.526315789473684	19	-3,2,-1,-3,2,3,1,-3,3,3,3,3,2,3,3,3,3,1,3
happy ending	-0.76	-1	-3	0.529411764705882	17	3,3,-3,-3,-3,-3,-3,2,-3,-3,-3,2,3,-3,-2,1,2
fascism	1.75	2	3	0.6875	16	3,3,3,2,3,-3,-3,3,-3,3,3,2,3,3,3,3
overjoyed	-1.05	-1	-3	0.578947368421053	19	-3,-3,3,3,3,-3,-3,-2,-3,-3,-3,-3,-3,3,-3,2,-2,-3,3
strong support	-0.18	0	-3	0.294117647058824	17	0,-3,3,3,0,0,-3,-3,2,-2,3,-3,-2,3,-3,2,0
appreciativeness	-0.06	0	-3	0.375	16	0,3,3,-3,2,-3,-3,2,2,-3,-1,2,3,-3,-3,1
ecstasy	-0.42	0	-3	0.473684210526316	19	-3,3,-3,-3,-3,-3,-3,2,-3,3,2,-3,2,-1,-3,3,1,2,2
kind hearted	-1.20	-1	-3	0.4	15	-1,-3,2,-3,0,3,-2,-3,-3,-3,-3,-2,-2,0,2
convivially	-0.07	0	1	0.333333333333333	15	2,-3,-3,-3,-2,1,3,1,3,1,1,-3,1,-3,3
jubilation	-0.47	0	-3	0.4	15	0,0,-3,-3,3,3,-3,-3,3,-3,3,-2,-3,-1,2
sorely needed	0.27	0	2	0.333333333333333	15	-3,-3,1,0,1,-3,2,-3,0,3,2,2,2,2,1
